2
5
1030
1034
1546
1036
1041
1043
1555
1045
23
1048
1559
1565
1567
34
1062
1576
553
1577
1580
557
1074
1586
1081
58
570
1085
1087
1091
69
73
74
589
1615
1111
89
90
1116
605
1630
95
97
1122
1636
615
1130
1644
1646
632
1145
639
129
1667
1156
646
1670
648
137
139
140
1676
153
1689
157
1184
676
165
1190
175
178
1716
185
1209
188
189
191
192
1216
1727
196
198
1232
1746
216
1752
1246
738
1264
245
1781
1271
1783
249
253
254
255
257
1286
776
1290
779
1809
275
1812
278
1304
281
794
795
289
290
1313
804
806
1832
297
1323
818
819
1330
823
824
1850
827
1854
1343
1344
1346
1858
325
1870
335
1365
854
855
1880
857
858
862
351
1894
874
1387
878
1904
1395
884
1398
1399
1400
379
1404
381
382
1918
1917
386
898
1414
397
1422
399
1424
911
1434
1436
1437
1444
1967
1968
1459
948
1462
440
1465
1471
448
1983
1480
1996
463
469
988
479
480
1503
494
1011
500
1525
1017
