514
1541
1542
1032
10
1035
15
16
1044
1556
534
1558
536
1566
31
548
37
549
1061
40
552
554
43
1063
1066
1072
563
1075
1077
56
57
1595
1596
1088
65
578
577
67
1603
1602
1608
1098
75
1610
1106
85
1624
1634
613
1643
1645
1134
111
623
1137
626
1135
1653
1655
633
1658
1660
1661
638
1663
128
642
1158
1671
136
138
1163
652
1680
1169
658
669
670
158
161
163
166
1191
1703
1705
1706
1195
172
1715
183
696
1719
716
1229
1231
721
1236
214
1751
1240
732
1247
1252
1255
1256
746
1772
1262
1774
752
1265
1268
757
758
247
760
761
1273
1275
1788
1789
1782
1280
258
772
1804
269
1806
1805
1299
282
1306
796
1308
286
1828
807
1836
301
1838
303
1327
1329
306
1844
1335
1336
1337
315
837
838
1861
1351
1865
1868
845
1360
850
1874
853
342
1366
1878
1372
353
1378
355
1889
1893
358
1383
1895
1381
362
363
877
371
1396
373
1908
1916
1405
894
896
1411
1923
1925
903
905
1417
395
907
1420
910
1423
912
1936
1934
921
1945
923
412
925
415
927
929
1953
1955
1957
1958
1960
937
426
1449
429
1966
943
946
952
953
446
451
1987
1995
1997
1489
470
992
481
484
485
999
1005
1018
1019
