3074
2564
2054
5638
1032
2569
3597
5135
1047
5657
3103
5152
7714
37
4646
3621
557
1584
3122
4146
6706
2107
574
6718
1600
6722
2629
7237
5705
5706
6222
2129
2131
595
1623
3673
2654
95
2145
3684
5224
618
2154
6766
7285
1659
2176
7297
642
7810
6793
1680
145
5268
5782
1175
665
159
1190
2727
6320
3761
7159
2228
7356
703
3265
5825
6653
3268
197
5327
5328
5841
7889
1747
7379
3285
736
6884
2789
2791
2282
238
239
1269
3830
6910
7935
6913
258
2306
6916
3849
6922
5900
7950
4367
2835
4373
280
2843
6944
290
3362
5411
2855
3880
3369
6952
5930
6445
2350
7982
1842
5426
7476
2869
7488
2372
2885
328
4429
2896
2391
3415
3422
5983
4961
355
1380
3943
878
3950
1393
7537
4465
6515
4471
1409
7557
5510
3975
918
2969
2971
2460
3486
2975
1439
2466
7589
4518
939
432
6070
5051
7103
5574
6087
3530
1483
974
3535
2002
6098
7636
6101
2007
6621
481
4583
2025
2028
6647
6141
1535
