4100
6
7
2055
4103
6153
4110
4111
16
6161
6164
21
6166
23
24
2072
6168
2075
28
4124
2077
31
4126
6174
6178
2085
6181
41
42
6187
4147
2103
4151
2104
2106
4153
65
2115
2117
2120
4169
6218
6219
2124
4172
79
2127
4176
6226
4087
6225
85
86
2135
2136
2147
101
103
2152
105
106
6247
4204
4205
2158
4209
6258
6257
2165
2166
4216
121
6269
2174
6271
6274
131
2180
4227
134
136
139
140
2196
2197
151
2200
6297
6296
2205
4257
6306
4263
4264
2217
2220
182
6328
2235
4284
4285
2239
4290
4291
6339
6342
2248
4301
4303
6353
210
212
2260
4309
2263
6359
6360
6362
4314
2268
2269
4319
2272
4321
6367
2275
228
4325
6377
234
4330
2285
4336
4337
6384
6388
249
250
2299
2298
254
259
2307
261
262
2310
4360
265
260
6404
6412
4363
6408
2319
271
6417
2322
4372
2325
278
4376
282
6426
4380
2333
2337
4391
298
299
2348
2349
6446
4396
4400
4402
4404
6453
6167
4408
313
2362
4412
319
2367
4420
4421
6469
6472
330
4426
6476
4432
337
2385
340
341
6486
344
6488
4441
2397
6493
2399
4448
4449
356
6501
2406
6504
4456
4458
6511
4464
4466
2422
4470
4473
6524
382
2434
2435
6531
6533
2446
6544
406
4502
4504
4503
414
2463
4512
419
2468
4516
6564
4525
430
4529
2483
6581
6582
440
441
4539
2493
4541
4543
6594
452
6598
456
6602
460
2511
2512
6608
2514
4568
6624
4582
6634
4589
497
498
2547
502
4598
504
505
6650
6651
508
2557
6657
2565
4614
4615
521
6666
4621
2577
6673
540
2590
545
4647
6696
4650
4652
6701
6703
2608
561
4659
564
6709
6711
4664
568
6714
2621
4669
575
4673
580
4677
582
583
2632
2631
4679
2630
2636
4685
6729
2639
6727
6735
596
4693
6741
599
600
601
4698
2649
6748
4695
6744
607
608
2655
2658
6753
614
615
6760
6763
2668
2670
2671
6770
4724
629
630
2679
2680
4728
2681
4732
637
2684
6780
4735
4737
6785
643
644
2697
4747
4748
6795
654
2705
6802
2709
4757
2712
4763
4764
4765
6811
6816
4769
2723
676
677
679
6829
686
4784
6833
690
691
4788
2740
4790
6838
697
6846
4799
6848
6847
710
711
4808
2760
6858
4811
717
718
2766
2765
721
2771
6867
4824
6873
6872
731
4828
2782
738
2786
740
2788
739
4835
4836
6885
4840
2795
2796
750
6895
2798
6900
756
4856
2812
6908
4862
6911
6912
2819
772
2823
779
780
2829
6928
2832
4883
2836
790
2839
792
4888
2841
4891
6936
2847
6945
4898
2849
2852
809
812
814
4912
6960
6962
4915
2868
4917
4924
829
6974
4927
2881
6978
6981
4934
2891
6987
845
4945
850
6995
6996
4955
4956
4963
4965
2918
874
2922
7021
2928
7026
2931
2933
4983
889
890
7034
2943
2944
2945
2946
899
7040
7043
7056
915
7061
7062
919
7064
5017
7066
5020
2973
926
2976
929
2978
931
5024
2979
934
5029
5033
7082
5035
2988
941
5037
5039
7085
2993
947
7092
2997
7094
952
5048
7098
3003
3004
7099
3007
7105
962
3012
965
3013
7111
7113
3018
3019
7116
5070
976
3026
3027
5077
986
3036
5086
5090
998
999
7145
5100
1005
7148
3057
1014
1015
7162
1021
7166
5119
1023
7168
7173
3077
3083
5131
3085
3087
5138
7188
5142
3095
1046
1049
7194
1051
5149
5150
7197
1060
3109
1064
3114
7210
1068
6725
7211
3120
1076
3125
5173
3127
4692
5178
1082
3132
7231
1088
7233
1090
5183
3140
5190
5194
1099
3149
3150
1105
1107
5204
7253
1110
7252
3161
1117
1123
7267
1125
7269
1131
7278
1136
7283
7286
1144
3192
3195
7292
5246
7295
3200
3201
5249
7296
1156
3207
7304
7305
5257
1164
7310
7311
5265
1170
3219
3220
1173
1172
3223
1176
3221
5274
3227
7322
7327
7328
5282
7330
1188
3237
5286
5287
7337
3244
5293
3246
3247
7340
5297
1201
7343
5300
1210
1211
1213
5310
3261
5312
7359
5314
1219
7365
3273
3274
7369
5323
5325
5326
3279
1232
1233
1234
7374
7375
1237
7382
3287
7385
7386
1245
5342
5344
7392
1250
5348
3302
1255
3304
1254
1258
3306
5351
3312
3314
3316
3318
7414
1271
3321
5367
7417
7420
1276
5374
1281
3329
7426
7427
3334
3338
7435
1292
7436
7437
3344
5393
1299
5396
5395
5398
3351
7446
3354
7454
3359
7458
7460
1317
5414
7468
5423
3387
1340
1341
1339
1343
5440
7487
5443
7491
1349
3397
3399
7496
7497
7492
1355
3403
5457
7505
3411
7508
1367
7511
7512
3418
5466
5470
1375
5474
3427
3428
5475
7526
3431
7527
5482
1387
3435
1389
1391
1395
3444
7543
3448
1401
3451
3452
1405
1406
5503
7549
3457
7554
3462
1418
5514
7563
3469
7570
5524
1429
3478
4355
5529
1434
7580
7582
7584
5537
7586
7585
1446
3495
3496
5543
7595
1452
5552
7601
5555
1461
1465
7610
5563
1468
7609
7611
7614
1472
5569
3524
1476
5572
3527
5577
7627
7628
7632
7635
1493
1495
1501
3552
3553
7654
5607
7655
7657
3562
5610
7664
7665
1523
3572
3573
3571
7668
1528
7667
1531
1533
3587
7683
3589
7686
1543
1544
7684
1546
5642
7694
3599
5651
1555
1557
3603
5654
7704
3612
7709
1566
3614
5662
3616
7715
5668
3620
7723
5677
3630
7727
1585
7731
3636
3638
7735
1590
5691
3645
5695
7745
7747
5700
5701
1607
7752
7756
1614
5713
7761
3669
7766
1624
5720
5722
7770
3679
5727
1633
1634
1635
3689
1653
1656
3705
1660
3708
5756
7804
3711
3713
3714
5763
7811
5762
7809
5771
3724
1677
1678
3727
5776
1681
7823
3732
7828
3734
1689
5786
3741
1695
3744
7841
5794
3749
5797
1707
3760
5808
1714
1715
7858
1719
5816
3772
1727
3775
5828
1733
7885
3790
1743
7888
7886
5847
1756
7900
5854
3809
7906
3812
3813
5863
7916
5869
1774
1772
1779
5876
5877
3829
7927
1784
3833
3835
7931
1789
3838
1791
7933
1793
3843
5892
3850
1804
1805
3855
5904
1810
5906
5907
1814
7959
1817
1824
5924
7974
1832
5929
7980
7985
5940
3893
7992
5945
1850
1851
1854
7999
3907
5955
6883
1865
1867
5963
3923
1875
5975
1882
3934
5982
5984
5988
1896
1899
5996
5999
3952
3955
1912
6011
3965
6015
1923
6020
6024
6025
3980
3984
3987
1943
6039
6042
1948
1950
4004
1966
1972
4022
4023
6071
4026
4027
1981
1983
1986
4038
2000
6096
4050
4048
2012
6110
2017
4069
6118
6121
2026
4078
4079
4081
2034
6131
6133
2039
2043
4092
4093
